((("$data" .
   [1 0 0 0 0])
  ("$new" .
   [1 0 0 0])
  ("$edit" .
   [2 0 0 0 0])
  ("$item" .
   [2 0 0 0 0])
  ("empty" .
   [0 0 1 0 0])
  ("is_null" .
   [0 0 0 0 0 1 0])
  ("REQUEST_URI" .
   [0 0 0 0 0 0 1 0 0 0 0])
  ("$requestURI" .
   [0 0 0 0 4 1 0 0 0 0 1])
  ("$num" .
   [1 0 0 0])
  ("$index" .
   [5 0 0 0 0 0])
  ("gem" .
   [3 0 0])
  ("800px" .
   [1 0 0 0 0])
  ("0" .
   [1])
  ("black" .
   [0 0 0 1 0])
  ("solid" .
   [0 0 1 0 0])
  ("padding" .
   [0 0 0 0 1 0 0])
  ("red" .
   [1 0 0])
  ("underline" .
   [0 0 1 0 0 0 0 0 0])
  ("overline" .
   [1 0 0 0 0 0 0 0])
  ("text-decoration" .
   [0 0 0 0 1 0 0 0 0 0 0 0 0 0 0])
  ("hover" .
   [0 0 1 0 0])
  ("none" .
   [1 0 0 0])
  ("gray" .
   [0 0 0 1])
  ("auto" .
   [1 0 0 0])
  ("to_i" .
   [0 0 1 0])
  ("$drop_p" .
   [0 0 0 0 0 1 0])
  ("str_replace" .
   [0 0 0 0 0 0 1 0 0 0 0])
  ("add_shortcode" .
   [1 0 0 0 0 0 0 1 0 0 0 0 0])
  ("$content" .
   [2 0 0 0 0 0 0 0])
  ("imgDir" .
   [0 0 0 1 0 0])
  ("return" .
   [4 0 0 0 1 0])
  ("directory" .
   [0 0 0 1 0 0 0 0 0])
  ("get_stylesheet_directory_uri" .
   [0 0 0 0 0 0 0 0 0 0 0 0 0 0 0 0 0 0 0 0 0 0 0 0 0 0 0 2])
  ("ignore" .
   [1 0 0 0 0 0])
  ("searchLatLngEvent" .
   [0 0 0 0 0 0 0 0 0 0 0 0 0 0 0 1 0])
  ("searchLatLng" .
   [0 0 0 0 0 0 0 0 1 0 0 2])
  ("searchAddress" .
   [0 0 0 1 1 0 0 0 0 0 0 0 0])
  ("geo" .
   [1 0 0])
  ("Geo" .
   [1 0 0])
  ("12" .
   [1 0])
  ("1" .
   [1])
  ("10" .
   [1 0])
  ("geohash" .
   [2 0 0 0 0 0 0])
  ("isset" .
   [0 0 0 1 0])
  ("$geohash" .
   [3 0 0 0 0 0 0 0])
  ("setCenter" .
   [0 0 0 0 0 0 1 0 0])
  ("setMarkerCenter" .
   [0 0 0 0 0 1 0 0 0 0 0 0 0 0 0])
  ("onClick" .
   [0 0 0 0 1 0 0])
  ("href" .
   [4 0 0 0])
  ("lng" .
   [5 0 0])
  ("lat" .
   [6 0 0])
  ("latlng" .
   [0 0 0 0 1 4])
  ("b" .
   [1])
  ("o" .
   [1])
  ("marker" .
   [3 0 0 0 0 1])
  ("map" .
   [2 0 0])
  ("v" .
   [1])
  ("GeocoderStatus" .
   [0 0 0 0 0 0 0 0 0 1 0 0 0 0])
  ("if" .
   [11 0])
  ("geocoder" .
   [3 0 0 0 0 0 0 0])
  ("Geocoder" .
   [1 0 0 0 0 0 0 2])
  ("maps" .
   [2 0 0 1])
  ("Map" .
   [0 0 1])
  ("google" .
   [2 0 0 0 0 2])
  ("f" .
   [2])
  ("new" .
   [2 0 0])
  ("geocode" .
   [0 0 0 0 0 0 1])
  ("getElementById" .
   [0 0 0 0 0 1 4 0 0 0 0 0 0 0])
  ("document" .
   [0 0 0 0 5 0 0 0])
  ("latLng" .
   [0 0 0 0 1 1])
  ("geometry" .
   [0 0 0 0 0 1 0 0])
  ("results" .
   [0 0 0 1 0 0 3])
  ("log" .
   [4 0 0])
  ("status" .
   [0 0 0 1 2 0])
  ("console" .
   [4 0 0 0 0 0 0])
  ("address" .
   [7 0 0 0 0 2 0])
  ("button" .
   [1 0 0 0 0 0])
  ("n" .
   [3])
  ("$latitude" .
   [0 0 0 4 0 1 0 0 1])
  ("LatLng" .
   [1 0 0 0 0 0])
  ("$longitude" .
   [1 0 0 0 4 0 1 0 0 1])
  ("echo" .
   [15 0 0 1])
  ("702510535717" .
   [1 0 1 0 0 0 0 0 0 0 0 0])
  ("139" .
   [1 0 0])
  ("65543724627301" .
   [0 0 0 1 0 0 0 0 0 0 0 0 0 0])
  ("var" .
   [7 0 0])
  ("event" .
   [9 0 0 3 1])
  ("latlogalert" .
   [0 0 0 0 0 1 0 0 0 0 0])
  ("script" .
   [0 0 2 0 0 0])
  ("p" .
   [2])
  ("$post" .
   [0 0 0 1 0])
  ("delete_post" .
   [0 0 0 0 1 0 0 0 0 0 0])
  ("$temp_longitude" .
   [0 0 0 0 0 0 0 0 0 2 0 0 0 0 0])
  ("$temp_latitude" .
   [0 0 0 0 0 0 0 0 2 0 0 0 0 0])
  ("$post_id" .
   [3 0 0 0 0 0 0 0])
  ("save_geo" .
   [0 0 0 0 0 0 0 1])
  ("function" .
   [2 0 0 3 9 0 0 2])
  ("value" .
   [2 0 0 4 2])
  ("name" .
   [4 0 0 0])
  ("input" .
   [2 0 0 0 1])
  ("td" .
   [8 0])
  ("th" .
   [8 0])
  ("tr" .
   [7 0])
  ("true" .
   [5 0 1 0])
  ("table" .
   [4 0 0 0 0])
  ("div" .
   [4 0 1])
  ("php" .
   [15 0 0])
  ("longitude" .
   [0 0 0 2 0 0 0 0 0])
  ("$get_id" .
   [0 0 0 0 0 0 1])
  ("insset" .
   [0 0 0 0 0 2])
  ("latitude" .
   [0 0 1 0 0 0 0 3])
  ("$get_geo" .
   [11 0 0 0 0 0 0 4])
  ("index" .
   [1 0 0 0 0])
  ("first" .
   [2 0 0 0 0])
  ("get" .
   [2 0 0])
  ("to" .
   [1 0])
  ("pp" .
   [2 0])
  ("limit" .
   [0 0 0 0 1])
  ("rate" .
   [1 0 0 0])
  ("order" .
   [2 0 0 0 1])
  ("Photo" .
   [1 0 0 2 1])
  ("def" .
   [14 0 0])
  ("default" .
   [0 0 0 0 1 0 0])
  ("false" .
   [3 0 0 1 0])
  ("null" .
   [7 0 0 0])
  ("key" .
   [1 0 0])
  ("string" .
   [1 0 0 0 0 0])
  ("json" .
   [1 0 0 0])
  ("render" .
   [4 0 0 0 0 0])
  ("res" .
   [8 0 0])
  ("end" .
   [24 0 0])
  ("num" .
   [1 0 0])
  ("Visiable" .
   [0 0 0 0 1 0 0 0])
  ("Any" .
   [1 0 0])
  ("Anything" .
   [1 0 0 0 0 0 0 0])
  (":regexp" .
   [0 0 0 0 0 0 1])
  ("N-/" .
   [1 0 0])
  ("module" .
   [2 0 0 0 3 0])
  ("M3u" .
   [9 0 3])
  ("class" .
   [11 0 0 1 0])
  ("Version" .
   [1 0 0 2 0 0 0])
  ("include?" .
   [0 0 0 0 1 0 0 1])
  ("File" .
   [4 0 0 0])
  ("Array" .
   [2 0 0 0 0])
  ("line" .
   [22 0 0 1])
  ("readlines" .
   [0 0 0 0 0 0 0 0 1])
  ("path" .
   [6 0 2 2])
  ("require" .
   [1 0 0 0 1 3 2])
  ("lines" .
   [2 0 0 0 0])
  ("each" .
   [1 0 0 0])
  ("do" .
   [6 0])
  ("each_with_index" .
   [0 0 0 0 0 0 0 1 0 0 0 0 0 0 0])
  ("str" .
   [10 0 1])
  ("text" .
   [1 0 0 0])
  ("file" .
   [4 0 0 0])
  ("gsub" .
   [2 0 0 0])
  ("each_line" .
   [0 0 0 1 0 1 0 0 0])
  ("format" .
   [1 0 0 0 0 0])
  ("m3u" .
   [1 0 0])
  ("when" .
   [5 0 0 0])
  ("else" .
   [5 0 0 0])
  ("type" .
   [3 0 0 0])
  ("case" .
   [1 0 0 0])
  ("whitespace" .
   [0 0 0 0 0 1 0 0 0 0])
  ("comment" .
   [0 0 0 0 0 1 0])
  ("STREAM" .
   [1 0 0 0 0 0])
  ("stream" .
   [1 0 0 0 0 0])
  ("title" .
   [2 0 0 1 6])
  ("title_artist" .
   [0 0 0 0 0 0 0 1 0 0 0 0])
  ("split" .
   [0 0 0 0 1])
  ("duration" .
   [0 0 1 0 3 0 0 0])
  ("artist" .
   [0 0 0 2 2 0])
  ("lists" .
   [3 0 0 0 0])
  ("list" .
   [6 0 0 5])
  ("push" .
   [1 0 0 0])
  ("strip" .
   [0 0 0 0 1])
  ("DELETE" .
   [0 0 0 0 1 0])
  ("delete_at" .
   [0 0 0 0 0 0 0 0 1])
  ("job" .
   [1 0 0])
  ("rb" .
   [1 0])
  ("C" .
   [1])
  ("See" .
   [0 0 1])
  ("self" .
   [1 0 0 6])
  ("site" .
   [3 0 0 0])
  ("prefix" .
   [1 0 0 0 0 2])
  ("menus" .
   [1 0 0 0 2])
  ("params" .
   [0 0 0 0 0 2])
  ("to_json" .
   [2 0 0 0 0 0 0])
  ("has_many" .
   [0 0 0 0 0 1 0 0])
  ("s" .
   [1])
  ("Shop" .
   [1 0 0 0])
  ("published" .
   [0 0 0 0 1 0 0 0 0])
  ("find" .
   [1 0 0 0])
  ("id" .
   [1 0])
  ("ActiveResource" .
   [0 0 0 0 0 0 0 0 0 0 0 2 0 0])
  ("add_action" .
   [0 0 0 0 0 0 2 0 0 0])
  ("array" .
   [0 0 0 0 1])
  ("$this" .
   [1 0 0 0 0])
  ("add_geo_menu" .
   [2 0 0 0 0 0 0 0 0 0 0 0])
  ("register_activation_hook" .
   [0 0 0 0 0 0 1 0 0 0 0 0 0 0 0 0 0 0 0 0 0 0 0 0])
  ("register_add_geo_settings" .
   [0 0 0 0 0 0 0 0 0 0 0 0 0 0 0 0 0 0 0 0 0 0 0 0 1])
  ("add_geo_options_page" .
   [0 0 0 0 0 0 0 0 0 0 1 0 0 0 0 0 0 0 0 0])
  ("register_a" .
   [0 0 0 0 0 0 0 0 0 1])
  ("AddGeo設定" .
   [0 0 0 0 0 0 1 0])
  ("form" .
   [1 0 0 0])
  ("settings" .
   [0 0 0 0 0 0 1 0])
  ("tbody" .
   [1 0 0 0 0])
  ("label" .
   [1 0 0 0 0])
  ("for" .
   [1 0 0])
  ("get_option" .
   [0 0 0 0 0 0 1 0 0 0])
  ("$google_maps_key" .
   [0 0 0 0 0 0 0 1 0 0 0 0 0 0 0 0])
  ("$google_maps_api_key" .
   [2 0 0 0 0 0 0 0 0 0 0 0 0 0 0 0 0 0 0 0])
  ("NULL" .
   [1 0 0 0])
  ("GoogleMapsAPI" .
   [0 0 0 0 0 0 0 0 0 0 0 0 1])
  ("shop_area" .
   [1 0 0 0 0 0 0 0 0])
  ("area" .
   [1 0 0 0])
  ("width" .
   [0 0 1 1 0])
  ("33%" .
   [1 0 0])
  ("socket" .
   [1 0 0 0 1 1])
  ("order_detail" .
   [0 0 0 0 0 0 0 0 0 0 0 2])
  ("order_detail_option" .
   [1 0 0 0 0 0 0 0 0 0 0 0 0 0 0 0 0 0 3])
  ("shop_product_option" .
   [0 0 0 0 0 0 0 0 0 0 0 0 0 0 0 3 0 0 0])
  ("shop_product_option_metric" .
   [0 0 0 0 0 0 0 0 0 0 0 0 0 0 0 0 0 0 0 0 0 0 1 0 0 0])
  ("shop" .
   [1 0 0 0])
  ("belongs_to" .
   [0 0 0 0 0 1 0 0 0 0])
  ("Question" .
   [0 0 1 0 0 0 0 2])
  ("user" .
   [1 0 0 0])
  ("current" .
   [0 0 0 0 0 0 1])
  ("before_action" .
   [0 0 0 0 0 0 0 1 0 0 0 0 0])
  ("current_user" .
   [0 0 0 0 0 0 0 0 0 0 0 1])
  ("configur" .
   [0 0 0 0 0 0 0 1])
  ("slim" .
   [1 0 0 0])
  ("set" .
   [1 0 0])
  ("stylus" .
   [1 0 0 0 0 0])))
